   0      0    320
   0    0.1    321
   0    0.2    322
   0    0.3    323
   0    0.4    324
   0    0.5    325
   0    0.6    326
   0    0.7    327
   0    0.8    328
   0      1    329
   0    1.1    330
   0    1.2    331
   0    1.3    332
   0    1.5    333
   0    1.6    334
   0    1.7    335
   0    1.8    336
   0      2    337
   0    2.1    338
   0    2.2    339
   0    2.3    340
   0    2.4    341
   0    2.6    342
   0    2.7    343
   0    2.8    344
   0      3    345
   0    3.1    346
   0    3.3    347
   0    3.5    348
   0    3.7    349
   0    3.9    350
   0    4.1    351
   0    4.3    352
   0    4.5    353
   0    4.7    354
   0    4.9    355
   0    5.1    356
   0    5.3    357
   0    5.5    358
   0    5.7    359
   0    5.9    360
   0    6.1    361
   0    6.3    362
   0    6.6    363
   0    6.9    364
   0    7.1    365
   0    7.5    366
   0    7.7    367
   0      8    368
   0    8.2    369
   0    8.4    370
   0    8.7    371
   0    8.9    372
   0    9.2    373
   0    9.5    374
   0    9.9    375
   0   10.2    376
   0   10.6    377
   0   10.9    378
   0   11.2    379
   0   11.5    380
   0   11.9    381
   0   12.3    382
   0   12.8    383
   0   13.5    384
   0   14.6    385
