   0      0    301
   0    0.1    302
   0    0.1    302
   0    0.2    303
   0    0.2    304
   0    0.3    305
   0    0.4    306
   0    0.5    307
   0    0.5    308
   0    0.6    309
   0    0.7    310
   0    0.8    311
   0    0.9    312
   0      1    313
   0    1.1    314
   0    1.2    315
   0    1.3    316
   0    1.4    317
   0    1.5    318
   0    1.6    319
   0    1.7    320
   0    1.8    321
   0      2    322
   0    2.1    323
   0    2.2    324
   0    2.4    325
   0    2.6    326
   0    2.8    327
   0    2.9    328
   0      3    329
   0    3.2    330
   0    3.5    331
   0    3.7    332
   0      4    333
   0    4.2    334
   0    4.5    335
   0    4.7    336
   0      5    337
   0    5.2    338
   0    5.5    339
   0      6    340
   0    6.5    341
   0      7    342
   0    7.5    343
   0      8    344
   0    8.5    345
   0      9    346
   0    9.5    347
   0     10    348
   0     11    349
   0     12    350
   0     13    351
   0     14    352
   0     15    353
   0     17    354
   0     18    355
   0     20    356
   0     23    357
   0     26    358
   0     29    359
   0     34    360
   0     40    361
   0     48    362
   0     60    363
   0     81    364
